-0.165793
-0.0580459
-0.163494
-0.0540538
-0.198914
-0.115375
-0.173242
-0.0949443
-0.00837059
-0.136162
0.0285408
-0.00676632
-0.109763
-0.204534
-0.159388
-0.110975
-0.107584
-0.102775
-0.104452
-0.179546
-0.232259
-0.228014
-0.063851
-0.125148
-0.134694
-0.133776
-0.246182
-0.161527
-0.0292148
-0.0570011
-0.0860741
-0.0529265
-0.0620321
-0.0973538
-0.0714847
0.0110223
-0.00250413
-0.013941
-0.0627212
-0.212766
0.125936
-0.139986
-0.131167
-0.130784
-0.00836544
0.0536166
0.0207247
-0.0712254
-0.143867
-0.109816
-0.383579
-0.104165
-0.300382
-0.0869568
-0.00341883
-0.135563
-0.117163
-0.0726932
-0.153607
0.0364409
-0.0695391
-0.176718
-0.0548785
-0.0862295
-0.141603
-0.00184595
-0.0812478
-0.164531
-0.0725299
-0.0637502
0.135615
-0.0184251
-0.173014
-0.270647
0.0693946
-0.249033
-0.0989217
-0.230862
-0.0634563
-0.187044
-0.0215014
-0.103987
0.0227213
-0.109678
-0.00774555
0.0438785
-0.079574
-0.260267
-0.117449
-0.185463
-0.105892
0.0323198
-0.0264474
0.0419079
0.0387558
-0.192883
-0.113791
-0.113384
0.00515119
-0.100103
-0.138122
-0.257475
-0.0646939
-0.121215
-0.110165
-0.0984803
-0.141564
-0.0714034
-0.270046
0.0241168
-0.0641408
-0.0528418
-0.135415
0.0984284
0.0492015
-0.0729343
0.0144546
0.0668303
-0.145053
-0.100537
-0.0737913
-0.0575535
-0.0859773
-0.132215
0.0994901
-0.215632
-0.13151
-0.136196
0.0178282
-0.153262
-0.337212
-0.0682795
-0.151821
-0.00326781
-0.0612738
-0.103939
-0.215544
-0.0346004
-0.115445
-0.131212
-0.191506
-0.0476692
-0.126
-0.114912
-0.132963
-0.06392
-0.100587
-0.184579
-0.0654478
-0.00284498
-0.0751975
-0.0548246
-0.153444
-0.0555879
-0.0674166
-0.100235
-0.0563577
-0.1029
-0.0153174
-0.104129
-0.0236087
-0.156643
-0.120701
-0.214563
-0.183599
0.0467226
-0.0132974
-0.0135264
-0.103119
0.0065048
0.0272173
-0.0695331
-0.0646013
-0.227326
-0.0709235
-0.152483
-0.177832
-0.152457
-0.222674
-0.160059
-0.0627605
0.0949592
-0.0517672
0.0135387
-0.0766652
-0.0138391
-0.11205
-0.0907245
-0.0596346
-0.123561
-0.0319486
-0.00535486
0.099232
-0.0510133
-0.0178766
0.0491905
-0.170355
0.0605475
-0.054868
-0.0263637
-0.0134066
-0.117248
-0.0763283
0.0263794
-0.0299733
-0.18391
-0.026867
-0.164686
-0.109529
-0.109201
-0.150661
-0.0771239
-0.0496316
-0.0185928
-0.122521
-0.0502489
-0.151465
-0.0599881
-0.00235593
0.0250861
0.0952837
0.0443326
-0.0481329
-0.190444
-0.0628833
0.0276641
0.0495141
-0.156761
-0.203463
-0.0269442
0.0257401
-0.0114377
-0.0821749
-0.00483323
-0.102595
-0.0229291
-0.138419
0.0466009
-0.0602451
-0.176165
-0.0595972
0.10754
0.0495243
-0.000604109
-0.215983
-0.095841
-0.0192851
-0.150429
0.0251184
-0.0129606
0.120211
-0.106605
-0.122566
-0.189625
-0.0532018
-0.0177111
-0.104571
-0.0699237
0.0286803
-0.0573879
-0.115307
-0.104141
-0.163628
-0.140664
-0.0821608
-0.0690364
-0.0899939
-0.086312
-0.0325732
-0.105818
-0.183901
0.00946825
0.000654431
-0.123415
-0.0735513
-0.16138
-0.102629
-0.0748809
-0.166229
-0.0939078
-0.0152064
-0.0190507
0.0488135
-0.149796
-0.163728
-0.00698967
-0.0622698
-0.218144
-0.137627
0.144612
0.0531631
0.0295671
-0.219283
-0.0173636
0.032181
0.0565377
-0.0715948
-0.595959
-0.141665
-0.15391
-0.153502
-0.06671
-0.0646303
-0.170579
-0.184104
0.0396618
-0.22556
-0.0259412
-0.105259
-0.170915
-0.110069
-0.00166222
-0.106146
-0.196042
-0.206782
-0.225417
-0.0564291
-0.25893
-0.0691373
-0.113326
-0.162595
-0.128128
-0.270713
-0.119804
-0.115971
-0.110136
-0.055812
-0.259976
-0.408856
-0.341688
-0.0140473
-0.131517
-0.161272
-0.242294
-0.0568652
-0.158133
-0.0331236
0.0606523
-0.204083
-0.00288154
0.0216063
-0.0214319
-0.0422509
-0.0149593
-0.0565123
-0.114712
-0.0607469
-0.0466846
-0.127909
-0.0304065
-0.0240463
-0.0664916
-0.0977966
-0.108598
0.0953552
-0.0589387
-0.0407439
0.095391
-0.044161
-0.0741445
-0.0600842
-0.109665
-0.100358
0.0134044
-0.00658656
-0.157416
0.00517376
-0.102267
-0.0663338
-0.00270251
-0.199544
0.0324518
-0.0623635
-0.0449545
-0.150282
-0.159428
-0.219872
-0.00551818
-0.00694068
0.0433584
0.0817454
-0.094538
-0.151457
-0.0288223
-0.0206635
-0.0517741
-0.0595638
-0.217279
-0.159684
-0.108581
-0.115639
-0.109011
-0.153307
-0.150156
-0.186345
-0.119211
-0.16184
-0.0958439
-0.167006
-0.153905
-0.0707686
-0.200962
0.122416
-0.0710391
-0.108238
-0.311816
-0.115678
-0.153289
-0.122851
-0.0559707
-0.10494
-0.100531
-0.0491822
-0.0809635
-0.0954551
-0.181279
0.0462417
-0.0948225
0.0523501
-0.160952
-0.0670779
-0.20459
-0.168969
0.0284272
-0.0891109
-0.0513383
-0.177954
-0.197943
0.0356669
-0.0107316
-0.125926
0.00167909
-0.00598852
-0.115015
-0.00124984
-0.156761
-0.221916
-0.212541
-0.0916444
-0.0291464
-0.177007
-0.208832
-0.111757
-0.171936
-0.0608089
-0.123755
0.00406511
-0.153656
-0.11829
-0.139083
-0.0532837
-0.135028
-0.0518772
-0.0478062
-0.0688226
0.0335341
-0.0299626
0.0533525
-0.0582092
-0.0976471
-0.0731006
0.113566
-0.115204
-0.016973
-0.0898234
0.0460228
-0.0505402
-0.105638
-0.326028
-0.00551522
-0.0549203
-0.0743963
-0.0813037
-0.0568137
-0.183973
-0.0718072
-0.0906921
-0.153831
-0.0959831
-0.00361929
0.0396437
-0.101867
-0.125773
-0.000700576
0.184068
-0.053687
-0.00868891
-0.100907
-0.100582
-0.2006
-0.224663
-0.0998664
-0.127516
-0.18282
0.0219787
-0.0528164
0.0361041
-0.0728531
-0.0859646
-0.187824
-0.168942
-0.0799714
-0.0221906
-0.00409034
-0.0539106
-0.0353379
0.0417724
-0.0906537
-0.171574
-0.0843481
-0.0723743
0.0440107
-0.0349716
-0.122208
-0.0381925
-0.0109093
-0.0323695
-0.130759
-0.169053
-0.0536104
-0.0396725
-0.120312
-0.151356
-0.104358
-0.0452138
-0.128244
-0.184881
-0.0809163
-0.092133
0.014273
-0.0762488
-0.100971
0.0978851
-0.0509015
-0.190869
-0.237112
-0.0562665
-0.101332
-0.0123999
-0.128867
-0.226143
-0.124919
-0.0207318
-0.156293
0.00925419
-0.0597906
-0.00451485
0.0210385
-0.185384
-0.124413
-0.187543
-0.0940096
-0.00872328
-0.122144
-0.152962
-0.185547
0.0444321
-0.210758
-0.168178
-0.149606
-0.0574494
-0.15219
-0.0525921
-0.19577
-0.144706
-0.000479104
-0.0582379
-0.0120361
-0.232929
-0.106814
-0.209637
-0.112286
-0.127723
-0.252542
-0.00913973
-0.101077
-0.0775581
-0.0527559
-0.102059
-0.0058262
-0.108818
-0.122512
-0.12307
-0.00632328
0.00146315
-0.061762
-0.0904604
-0.219184
-0.213696
-0.0131043
-0.107541
0.0974334
-0.0501879
-0.0607745
-0.159573
0.0325183
0.02637
0.027412
0.038295
-0.0643076
-0.00307229
-0.172529
-0.0633468
-0.195591
-0.171969
-0.0511146
-0.0567906
-0.0559672
-0.0670586
-0.210783
-0.0253612
-0.0763915
-0.215473
-0.19585
-0.00179831
-0.0526579
-0.121455
-0.114182
-0.178886
-0.000656579
-0.131324
-0.177318
-0.201738
-0.035516
-0.110142
-0.0967003
-0.129438
-0.157686
-0.0375701
-0.124495
-0.103817
-0.283634
-0.0968748
0.0463369
0.0265656
-0.106407
0.0719302
0.0383635
-0.0194924
0.0398338
0.0380795
-0.106983
-0.0510174
-0.00192863
-0.113806
-0.0552421
-0.0569421
-0.0457726
0.0586566
0.0498799
-0.10519
-0.095955
-0.112049
-0.0348445
-0.168349
-0.113394
-0.168504
-0.0782203
-0.210503
-0.267825
0.0991438
-0.0894907
-0.11464
-0.0613547
-0.10488
-0.177944
-0.000589876
-0.0522359
-0.0637884
-0.175523
-0.123856
0.0314196
-0.121085
-0.257328
-0.133271
-0.154498
-0.13115
-0.0520554
-0.0133753
-0.0202669
-0.177101
-0.0468009
-0.119874
0.0361394
-0.0458252
-0.117645
-0.161996
0.020912
-0.153336
-0.268371
-0.057898
-0.0190027
-0.0140632
-0.204258
-0.101188
-0.137104
0.0360595
-0.116291
-0.182227
0.0409021
-0.197864
-0.0739691
-0.00419605
-0.0556181
-0.11376
-0.286494
-0.132361
-0.337405
-0.0636156
0.0464318
0.0620098
-0.0722071
-0.0579548
-0.147187
-0.00627129
-0.105735
-0.143189
-0.0527899
-0.14896
-0.0471727
-0.201934
-0.164136
-0.109672
-0.0860036
-0.0195939
-0.0537887
-0.212471
-0.167703
-0.154193
-0.00576637
-0.0431904
-0.211516
0.0467655
-0.0103164
0.0393559
-0.0625283
-0.0373503
-0.0161948
-0.101232
0.0065374
0.0472582
-0.167126
-0.325153
-0.166345
-0.153909
-0.0714332
-0.22696
-0.0598529
-0.0799806
-0.123105
-0.0509052
-0.154489
-0.0783502
-0.123337
0.0447734
-0.091555
-0.00475001
-0.0693772
-0.159759
-0.12182
-0.152776
-0.0147609
-0.175071
-0.186477
-0.056892
-0.180046
-0.288153
-0.166749
-0.115397
-0.180912
-0.00848254
0.0359962
-0.0787869
-0.0921624
-0.208666
-0.094335
-0.116099
-0.100489
-0.116001
-0.057263
-0.199816
-0.158305
-0.160757
-0.00462548
-0.0565346
-0.0377187
-9.31081e-05
-0.0239962
-0.0539329
-0.0952213
-0.0618686
0.0323718
-0.111947
-0.11782
-0.135323
0.0182777
-0.0179146
-0.0869865
-0.0121048
-0.00767814
-0.0764253
0.0432524
-0.121045
-0.127708
-0.104343
-0.000311115
-0.0555335
-0.004137
-0.111301
-0.17947
-0.186779
-0.209472
0.0672209
-0.0740696
-0.255878
-0.0373558
0.0984525
-0.276297
-0.0996322
-0.0333268
-0.0112957
-0.169732
-0.0572244
-0.21212
-0.194563
-0.101892
-0.0544379
-0.0245188
-0.119941
-0.0774449
-0.0105396
-0.0571294
0.00549465
-0.103245
-0.0689613
-0.153956
-0.115003
-0.0224243
-0.224483
-0.109188
-0.0449963
-0.00382765
-0.191782
-0.0561731
-0.255753
0.0818451
-0.10245
-0.152257
-0.138964
-0.00274911
0.0146109
0.0175522
0.10865
-0.0456702
-0.166476
-0.134418
-0.061235
0.0345043
-0.0558378
-0.0449016
-0.0796447
-0.114437
-0.0427636
-0.133498
-0.12838
0.0661181
-0.15134
0.01439
-0.0304301
-0.00654837
-0.143172
-0.0883073
-0.105266
0.0388098
-0.16217
0.0241718
-0.0360907
-0.0557664
-0.174182
-0.141583
-0.0149051
-0.0906759
-0.00628574
-0.254197
-0.108496
-0.0573023
-0.0904606
-0.135528
0.0746868
-0.0371291
-0.00717786
-0.024241
-0.115957
-0.0272129
-0.0282027
-0.129342
-0.207322
-0.0697658
-0.00942263
-0.0608087
-0.255977
0.0968175
-0.0348087
-0.082598
0.0229473
-0.0940757
-0.0363788
0.0525008
-0.222091
-0.211766
-0.140895
-0.119967
-0.0846115
-0.0965823
-0.0550693
-0.0955893
-0.167669
-0.0102194
0.0461301
0.064617
-0.021893
-0.168054
-0.00711877
0.0253964
-0.0950983
-0.101206
-0.0142935
-0.169797
-0.286576
-0.140164
-0.246473
-0.14073
-0.118448
-0.0628448
-0.11829
-0.105848
-0.17688
-0.154743
0.0165703
-0.127095
-0.0376981
-0.00985865
-0.0589786
-0.000883124
-0.0226043
-0.0818172
-0.0608352
-0.163788
-0.340482
-0.0819824
-0.168212
-0.110131
-0.0668743
-0.174791
-0.130258
-0.14561
0.0457501
-0.111731
-0.149017
-0.120071
-0.176334
-0.0656439
-0.0499185
0.0531735
-0.114343
0.0893292
-0.190915
-0.150643
-0.119422
-0.0642717
-0.0514142
-0.102944
-0.0395968
-0.00241913
-0.0940533
-0.0552479
-0.18789
-0.0148737
-0.0510249
0.0479343
-0.122305
-0.218149
-0.0118053
-0.166006
-0.127606
-0.131936
-0.00591928
-0.106762
-0.171553
-0.139954
-0.111525
0.0306195
-0.108283
-0.0548781
-0.299953
0.137742
-0.036086
-0.307687
-0.103848
-0.0547529
