-0.00271125
-0.00102488
0.00845712
0.0127438
0.0018437
0.00215393
0.00392809
0.00578774
-0.00782913
-0.00152727
-0.000709133
0.000198059
-0.0119276
-0.0016293
0.0139832
-0.00414506
0.000390469
0.0103805
0.00894338
-0.0217299
-0.00364094
-0.0144343
0.000573288
-0.0130344
-0.000575175
-0.00511622
-0.00744642
0.00446874
-0.00485979
-0.0235185
-0.0145575
0.00949491
0.00501123
0.0013358
-0.0203372
-0.000575734
0.00869729
-0.00159034
-0.000432002
0.0129774
-0.00807355
0.00948976
-0.0181126
-0.00248712
0.000390208
0.000900664
-6.01481e-05
-0.00662999
0.00171525
-0.00121904
-0.00813978
-0.00988677
-0.001998
-0.0148575
0.0135424
0.0018638
0.00672182
-0.00128641
-0.012518
-0.0143856
0.00514018
0.00385713
-0.00565315
-0.0235979
0.00264998
0.0059718
-0.0103891
0.00584767
-0.00869208
-0.0078061
0.00215379
-0.00691288
0.00184191
0.000295333
0.0144756
-0.00922402
0.00187114
0.000773068
0.0030721
-0.00465153
-0.00103318
0.0035031
-0.00120552
0.0139801
0.00595907
0.00467527
0.00641287
0.000498778
-0.0115099
0.000297595
-0.0117752
-0.00805845
-0.00803991
0.00244795
0.00530659
-0.0184789
-0.00878068
-0.00960956
0.000409854
-0.0107177
-0.006514
0.00276733
-0.00359364
-0.00439475
-0.0034768
-0.0114126
-0.000413452
0.0143131
-0.00306067
0.00241107
0.00294622
0.0158789
0.0159765
0.015424
0.00583971
-0.00602388
0.00157881
-0.00232458
0.000494674
-0.0105087
-0.00301695
-0.0134389
-0.0024626
0.00827372
-0.00873679
-0.0105581
-0.0198196
0.0128738
0.00325248
-0.00586392
-0.00178983
0.0163626
-0.00216289
-0.00909778
-0.00961341
-0.012773
-0.0125882
-0.00409241
0.0174705
-0.0106281
0.00713909
0.00144074
-0.00502117
0.00893927
-0.00281627
0.00126744
0.00212864
0.00736519
0.00281322
-0.000657592
0.0126816
0.00972302
-0.00308458
0.026896
-0.00560863
-0.0137776
0.00822301
0.00746347
0.0123318
-0.00257485
-0.00602927
-0.00854787
-0.00944722
-6.04194e-05
-0.00256009
-0.0115418
-0.00033095
-0.012155
0.00627431
0.0119643
0.0187912
-0.00652796
-0.00244953
0.00457049
-0.00254306
0.0191207
-2.72454e-06
0.00198597
-0.0107545
0.0197734
-0.00901027
0.0104429
-0.00758164
-0.0105015
-0.0105261
0.00976771
0.00116279
-0.00708427
-0.00957068
-0.0115062
-0.00381994
0.0159986
0.00795539
-0.0123758
0.00580633
0.00785329
0.00145021
-0.0181731
-0.00697373
-0.0027478
-0.00402939
-0.00533372
-0.0167186
0.00221451
-0.00175003
-0.00553997
-0.00222413
-0.017892
0.00293826
0.00815487
0.012825
-0.0150604
0.00189257
-0.00570718
-0.00218132
-0.0121127
-0.0106043
-0.00878913
0.0014165
0.0018069
-0.00362194
-0.0185912
-0.00787426
0.00233631
0.00521791
0.0156947
0.0044492
-0.00287289
-0.00269665
-0.00251002
-0.0132707
-0.00056328
-0.0101327
-0.00152007
-0.0125745
0.00746756
-0.00602019
0.00126331
-0.00506533
-0.0211735
0.00896598
0.00622457
-0.00715444
0.00464148
-0.0131307
-0.0175911
-0.00809416
0.000937969
0.00685707
-0.0120904
-0.00376701
0.00115279
-0.0138775
-0.0157291
-0.00610002
-0.0137683
0.0102039
0.00997476
0.00275593
0.00586343
0.015231
-0.00295392
0.00246023
-0.000281963
-0.0151198
0.00404437
-0.00750266
-0.0211659
0.00177174
0.00429383
0.00342206
0.0122929
-0.00580811
0.00430282
0.00233743
-0.00459027
0.00673984
0.0144706
0.00848386
0.00651814
-0.00806358
-0.0114158
-0.00114007
0.0092849
-0.0130949
-0.00442074
0.00153241
-0.000416343
-0.00773164
0.0198813
-0.00113298
-0.0125257
0.011272
-0.00673641
-0.00572958
0.0147507
0.0010705
0.012937
-0.0136364
-0.00909201
0.00660542
-0.0110397
-0.00156043
-0.000764315
0.0173022
-0.00358284
-0.0151021
0.000918647
-0.00353089
-0.0021765
-0.00228817
-0.00578391
0.00236539
0.0184486
0.00161725
0.0109373
-0.00451906
-0.00224649
0.0102713
-0.00217581
-0.00916557
-0.000577431
-0.00709888
0.00721449
-0.0115632
0.00554491
-0.00577444
-0.00104505
-0.00574609
-0.00907424
-0.00289856
0.00293725
-0.0096951
0.0126641
0.0131627
0.00543014
0.00724324
-0.00523309
-0.00651167
-0.00581867
-0.00728259
0.00091455
0.0029317
0.00126362
0.020356
-0.00454609
-0.00798295
-0.00328032
0.00436834
-0.0013275
0.0055971
-0.0117312
0.00199491
-0.00165826
0.0049869
-0.00255048
-0.0111341
-0.00359641
-0.0187227
-0.00430492
0.00290991
0.0146702
0.00140598
0.0163407
0.00466796
-0.00483034
-0.00548048
-0.020192
-0.00172885
0.000409743
-0.00819641
0.0108737
0.00273272
-0.000810522
0.0175002
-0.000314578
-0.0137964
0.00447004
-0.00117108
0.00248376
-0.00736808
-0.00184549
0.00474001
-0.0148003
0.00240895
0.00236371
0.00348649
-0.0041355
-0.0111446
0.0170708
0.00292261
-0.0147778
-0.00417001
-0.00369368
2.46211e-05
0.00786143
-0.00109604
-0.0096125
-0.000638562
0.0119999
0.0052706
0.0018685
-0.0141404
0.0106541
-0.00446084
-0.000603304
0.0155688
0.00985852
-0.00962181
0.00266937
0.00529575
0.000327644
-0.0127419
-0.00258189
-0.00806976
0.0316317
0.00193389
-0.0209493
-0.00424618
-0.00762065
0.00625387
0.00783072
0.00236711
0.00875889
-0.0165025
0.00199419
0.00179563
0.0144315
-0.00167695
-0.000511345
0.0151918
-0.0196093
-0.00895454
0.0129115
-7.67334e-05
-0.00950818
-0.00663517
0.00764816
-0.00628467
-0.0108269
-0.00300533
-0.00020595
0.0103216
-0.00627661
0.000760753
-0.00703182
0.00839921
-0.00480427
-0.00237335
0.00184332
-0.0138599
0.00111474
-0.00682802
-0.00658929
0.00682592
0.0074266
-0.0200913
0.00975662
-0.0136375
-0.00475169
-0.0131859
0.00592083
-0.00809303
-0.0141136
-0.00802485
0.0086944
0.00699528
-0.00566515
-0.0029504
0.00876862
-1.58576e-05
0.00428255
-0.00496309
-0.0125532
0.00275864
0.000454556
-0.00813957
-0.0209358
0.0113878
0.00191139
-0.00828366
-0.00325236
0.00428421
0.0186707
0.00943037
-0.0222317
0.000622523
0.00138908
0.00693375
0.00206829
-0.00586938
-0.0146296
-0.015296
-0.0157695
-0.000553306
0.0202469
0.00154796
-0.00046237
0.00898089
0.00923767
-0.0162
-0.0021104
-0.00552552
-0.0023732
-0.00564116
0.00492523
0.00168157
-0.00507652
0.00350581
0.00785083
0.0129396
0.00442381
0.0138266
-0.00428091
0.0194675
-0.00920869
-0.0149057
0.00240482
-0.00863628
0.00391597
0.0133212
-0.00430612
-0.0145724
-0.000825575
0.0068742
0.000302372
0.00721094
0.00459743
-0.0130693
0.00202712
0.012478
-0.00316476
-0.00629394
-0.00849582
0.00293881
0.0128102
-0.00303505
-0.000904932
-0.00232315
-0.0217793
0.00640101
-0.00256957
-0.0165066
-0.00419829
0.00398079
0.00134001
0.00745963
-0.00269629
-0.00448275
-0.012288
0.00185923
0.0149484
0.00456532
-0.00513591
0.0126081
-0.00152056
-0.00310607
-0.00808459
0.00912263
-0.00763772
-0.00829258
-0.00470086
0.0189161
-0.0079805
0.00494054
-0.00052627
-0.00976188
0.00390889
0.00363186
-0.00307746
-0.00704793
-0.0045234
0.00962296
-0.0075355
0.00523048
-0.0307915
0.0059332
-0.00876099
0.00348747
0.0148764
0.00423996
-0.00359389
0.00315063
-0.0113347
0.0147776
-0.0143626
-0.00203028
-0.00173656
-0.00153553
0.00573752
-0.00798642
0.00649182
-0.00452767
-0.00169282
0.0167251
-0.00303502
0.00563224
-0.00703963
-0.00512417
0.0114068
-0.0100257
0.0143434
-0.00286394
0.00149641
-0.0116468
0.014751
0.000365404
0.00043154
-0.00577055
0.003495
-0.00273151
-0.012317
-0.00555573
0.00272987
0.00197092
-0.00232778
0.00128064
-0.00630111
-0.00857144
0.0146157
0.00814684
0.00721642
-0.00992386
0.000689249
0.00866305
0.00641404
-0.0036082
0.00296375
0.000846015
0.00269914
-0.00918162
-0.002132
0.00484765
-0.00676453
0.000874141
0.00775085
0.00238586
0.000205698
-0.0135593
0.0203896
0.0171429
0.00145537
-0.00331576
0.00136353
0.00856636
-0.000530594
0.0029988
0.000193808
-0.00456956
-0.00762281
0.0049143
-0.000432235
0.000838756
0.0105572
-0.00159883
0.00329238
0.00583841
-0.00278543
0.00294956
0.00795655
0.0108856
0.00427364
-0.00521219
-0.0101901
-0.00280953
-0.000657017
0.0184714
-0.00631898
0.00571758
0.00380728
-0.000512525
-0.0075247
-0.017688
0.0228035
0.0273991
0.00787028
-0.00367855
0.000954452
-0.0053854
-0.0040142
0.00133345
0.000993727
-0.00294826
-0.0171652
-0.017922
0.0013026
-0.0111761
-0.013648
0.000243072
-0.00426883
0.0235394
-0.00802708
0.00906289
-0.0124522
-0.0110113
-2.77867e-05
-0.0169144
-0.00491054
-0.00723642
-0.00173779
0.00442742
0.00337952
0.00368918
-0.00258154
-0.00352919
-0.00471386
-0.0176442
-0.0126999
-0.00730522
0.00298983
-0.00305769
0.00556098
0.0212403
-0.00300373
0.0134732
-0.000758647
0.0113424
0.00289904
0.00090977
0.00915943
-0.00126864
0.00670122
-0.0190817
-0.00497571
-0.00527111
-0.00805531
0.00823132
-0.0044571
-0.0126814
-0.00228297
-0.00705149
0.00242071
-0.00552765
0.0125071
0.00373063
-0.00755235
-0.00457404
-0.016051
-0.000570072
0.00345718
-0.00273926
-0.0121618
0.000969425
-0.00117411
0.00299653
0.00233336
0.00115525
-0.002548
-0.0110214
-0.00182513
-0.00657303
-0.0103418
-0.000607352
0.0141922
-0.00545062
-0.0165419
-0.00343744
0.0118955
-0.0150954
0.00135817
-0.00273717
-0.00273572
-0.00510606
-0.0173864
0.00943208
-0.00556048
-0.00361127
0.0066493
0.00547641
0.0018935
-0.0110362
-0.00512595
-0.013498
-0.00554538
-0.0131917
-0.0114196
-0.000277701
-0.00212367
0.00379176
-0.000896671
0.0189451
-0.0116595
0.00682727
-0.0135609
0.00162154
-0.00621426
-0.00781199
0.00538986
0.0137492
0.00126828
0.00264773
-0.0101687
-0.00369323
-0.00249961
-0.00542218
0.000896936
0.0199474
0.00314138
0.0169499
0.00823178
0.00848198
-0.00214819
0.00699645
-0.00161549
0.00491506
0.00809799
-0.00901153
-0.0111313
-0.0265245
0.00216792
0.00697518
-0.0116751
-0.0128378
-0.00432936
-0.00957837
-0.00649794
0.00754922
0.0154707
0.00899389
-0.0061326
-0.00622441
-0.000451194
0.000466034
-0.00267162
0.0198098
0.0112511
-0.00155868
-0.00342186
-0.00603371
0.0118695
-0.000637187
0.00948554
0.0102508
-0.002693
0.00245145
-0.00979963
-0.00857909
0.00177958
-0.00750808
0.00669687
-0.00478985
-0.0144666
-0.00524097
-0.00865945
-0.00677442
-0.0103553
0.00538701
-0.00351162
-0.00575502
-0.0156469
-0.00497124
0.00699425
0.00928412
-0.0187835
0.00439913
0.00517863
0.00478956
-0.00260471
-0.0179938
0.0110733
0.00634413
-0.00861882
0.00341205
-0.00217773
-0.0040142
0.0133757
0.0219687
-0.00212809
0.0237541
0.00678653
-0.00373751
0.0021917
-0.00287805
0.00968024
-0.0105614
-0.00350448
0.00170227
0.00352585
-0.00416255
-0.0124119
-0.00387663
-0.00784274
0.00745992
0.0033871
-0.0104053
-0.00357018
-0.00144266
0.00195274
0.00846793
-0.00265035
0.00520462
-0.0243167
-0.0167594
0.0127432
0.000273387
-0.00171668
-0.00459528
-0.00709839
0.0118924
-0.00266284
0.00392734
-0.00910085
-0.00923082
-0.00307684
-0.00318587
-0.0162742
0.00415025
0.00514713
-0.00360429
-0.0220268
0.0019795
-0.00555491
-0.00971343
-0.00054143
0.00924192
-0.00858157
-0.00178816
-0.00550195
-0.012213
-0.00684544
0.000826652
0.015022
0.00291041
-0.0230201
0.00244477
-0.0132868
-0.00278366
-0.000824203
-0.00553416
0.0187874
-0.00667507
-0.00453529
-0.000527634
0.00594262
0.01693
-0.00626255
0.00359211
0.010133
0.00696915
0.00986622
0.00361684
-0.0125311
0.00697953
-0.0130091
0.00157795
0.00592942
-0.0132007
0.013252
-0.0019836
0.00947478
-0.00840785
-0.00702057
0.00841538
0.0144665
-0.000823849
0.0109758
-0.00526585
0.00388731
-0.00509366
0.00897989
-0.00210506
-0.0191084
-0.00978457
0.00143903
0.00187965
-0.0125275
-0.0242528
-0.0050661
-0.0155885
-0.00300731
0.00238626
-0.00440378
-0.0135584
-0.00960894
0.00250788
-0.00556597
0.00188825
0.00780874
0.00262693
0.00748429
0.00668595
-0.00957093
-0.00595858
0.0106904
-0.0171923
-0.00910395
-0.00423598
0.0002931
0.00225536
-0.00335217
0.00480663
-0.00901495
0.00696294
-0.00782126
0.00069085
-0.00917853
0.00321033
-0.00575943
0.00217697
-0.00382264
